,Unnamed: 0,ICov(%),BCov(%),CompletedPaths,GeneratedTests,RealTime,UserTime,SysTime,PythonTime
0,max depth=2,17.84,12.5,3,3,0.03,0.02,0.01,0.0367560386657714
1,max depth=4,44.81,37.5,5,5,0.05,0.04,0.01,0.0499756336212158
2,max depth=6,57.26,50.0,9,9,0.08,0.08,0.01,0.0873920917510986
3,max depth=8,68.05,75.0,19,19,0.2,0.19,0.0,0.1988382339477539
4,max depth=10,68.05,75.0,43,43,0.48,0.47,0.0,0.4806010723114013
5,max depth=12,68.05,75.0,103,103,1.28,1.28,0.01,1.2871084213256836
6,max depth=14,68.05,75.0,261,261,3.47,3.44,0.03,3.469053030014038
7,max depth=16,68.05,75.0,667,667,9.47,9.41,0.06,9.471168994903564
8,max depth=18,68.05,75.0,1731,1731,26.03,25.9,0.12,26.030333280563354
