,Unnamed: 0,ICov(%),BCov(%),CompletedPaths,GeneratedTests,RealTime,UserTime,SysTime,PythonTime
0,max depth=2,11.11,7.14,3,3,0.04,0.03,0.01,0.0405657291412353
1,max depth=4,27.6,21.43,5,5,0.08,0.07,0.01,0.0872783660888671
2,max depth=6,33.69,28.57,7,7,0.72,0.71,0.0,0.72231125831604
3,max depth=8,42.65,42.86,10,10,0.93,0.92,0.01,0.9381093978881836
4,max depth=10,42.65,42.86,14,12,2.61,2.6,0.01,2.6174120903015137
5,max depth=12,42.65,42.86,20,18,3.3,3.3,0.01,3.308489322662353
6,max depth=14,42.65,42.86,28,24,7.27,7.26,0.01,7.276325941085815
7,max depth=16,42.65,42.86,42,38,9.15,9.14,0.02,9.15801191329956
8,max depth=18,42.65,42.86,62,56,19.98,19.97,0.01,19.984555959701535
9,max depth=20,42.65,42.86,92,86,24.4,24.39,0.01,24.40739631652832
10,max depth=22,42.65,42.86,144,136,52.03,51.99,0.04,52.03609251976013
11,max depth=24,42.65,42.86,222,214,75.87,75.83,0.03,75.86906266212463
12,max depth=26,42.65,42.86,338,328,129.89,129.83,0.05,129.89116382598877
13,max depth=28,42.65,42.86,544,534,243.22,243.14,0.06,243.22113800048828
14,max depth=30,42.65,42.86,852,840,452.76,452.63,0.12,452.7678961753845
15,max depth=32,42.65,42.86,1314,1302,688.53,688.33,0.16,688.5320482254028
