,Unnamed: 0,ICov(%),BCov(%),CompletedPaths,GeneratedTests,RealTime,UserTime,SysTime,PythonTime
0,max depth=2,19.7,11.11,3,3,0.03,0.02,0.01,0.0381772518157959
1,max depth=4,50.74,38.89,6,6,0.05,0.04,0.01,0.0549194812774658
2,max depth=6,54.19,55.56,12,12,0.09,0.08,0.01,0.0920615196228027
3,max depth=8,54.19,55.56,26,26,0.2,0.19,0.01,0.2061550617218017
4,max depth=10,54.19,55.56,62,62,0.6,0.59,0.0,0.6021990776062012
5,max depth=12,54.19,55.56,148,148,1.55,1.53,0.01,1.548792600631714
6,max depth=14,54.19,55.56,370,370,4.45,4.41,0.04,4.457791090011597
7,max depth=16,54.19,55.56,930,930,12.77,12.7,0.07,12.776233673095703
8,max depth=18,54.19,55.56,2366,2366,37.05,36.85,0.19,37.05826306343079
