,Unnamed: 0,ICov(%),BCov(%),CompletedPaths,GeneratedTests,RealTime,UserTime,SysTime,PythonTime
0,max depth=2,20.73,12.5,3,3,0.05,0.03,0.0,0.056657075881958
1,max depth=4,38.41,43.75,5,5,0.05,0.05,0.01,0.0565476417541503
2,max depth=6,62.8,62.5,9,9,0.09,0.08,0.0,0.0929014682769775
3,max depth=8,62.8,62.5,19,19,0.22,0.22,0.0,0.2225024700164795
4,max depth=10,62.8,62.5,41,41,0.45,0.44,0.0,0.4535024166107178
5,max depth=12,62.8,62.5,97,97,1.23,1.21,0.01,1.232831954956055
6,max depth=14,62.8,62.5,235,235,3.34,3.32,0.01,3.341303825378418
7,max depth=16,62.8,62.5,587,587,9.03,8.99,0.04,9.034561395645142
8,max depth=18,62.8,62.5,1481,1481,24.32,24.19,0.13,24.32754373550415
