,Unnamed: 0,ICov(%),BCov(%),CompletedPaths,GeneratedTests,RealTime,UserTime,SysTime,PythonTime
0,max depth=2,9.14,7.5,3,3,0.04,0.03,0.01,0.0397377014160156
1,max depth=4,22.86,20.0,5,5,0.05,0.05,0.0,0.0581099987030029
2,max depth=6,48.57,45.0,9,9,0.17,0.16,0.01,0.1693968772888183
3,max depth=8,51.14,47.5,14,14,0.3,0.28,0.01,0.2997345924377441
4,max depth=10,51.14,47.5,21,21,0.53,0.52,0.01,0.5333170890808105
5,max depth=12,51.14,47.5,29,29,0.91,0.91,0.0,0.913933277130127
6,max depth=14,51.14,47.5,43,43,1.57,1.56,0.01,1.5690867900848389
7,max depth=16,51.14,47.5,62,62,2.61,2.59,0.01,2.610825300216675
8,max depth=18,51.14,47.5,92,92,4.42,4.41,0.01,4.427971601486206
9,max depth=20,51.14,47.5,131,131,6.83,6.82,0.01,6.828693389892578
10,max depth=22,51.14,47.5,193,193,10.54,10.51,0.03,10.542927026748655
11,max depth=24,51.14,47.5,269,269,15.75,15.72,0.02,15.752620458602903
12,max depth=26,51.14,47.5,381,381,24.54,24.51,0.03,24.547362565994263
13,max depth=28,51.14,47.5,518,518,36.77,36.7,0.06,36.76892113685608
14,max depth=30,51.14,47.5,720,720,56.78,56.71,0.06,56.78085231781006
15,max depth=32,51.14,47.5,947,947,82.45,82.34,0.1,82.4493019580841
16,max depth=34,51.14,47.5,1299,1299,127.74,127.56,0.16,127.7404887676239
