,Unnamed: 0,ICov(%),BCov(%),CompletedPaths,GeneratedTests,RealTime,UserTime,SysTime,PythonTime
0,max depth=2,23.31,20.0,3,3,0.03,0.02,0.01,0.0385527610778808
1,max depth=4,31.9,40.0,3,3,0.03,0.02,0.01,0.0333924293518066
2,max depth=6,31.9,40.0,3,3,0.03,0.03,0.0,0.0327250957489013
3,max depth=8,31.9,40.0,3,3,0.03,0.02,0.01,0.0319793224334716
4,max depth=10,31.9,40.0,3,3,0.03,0.02,0.01,0.0332603454589843
5,max depth=12,31.9,40.0,3,3,0.04,0.03,0.01,0.0387852191925048
6,max depth=14,31.9,40.0,3,3,0.03,0.02,0.01,0.0325114727020263
7,max depth=16,31.9,40.0,3,3,0.03,0.02,0.01,0.0323398113250732
8,max depth=18,31.9,40.0,3,3,0.03,0.03,0.0,0.0332300662994384
9,max depth=20,31.9,40.0,3,3,0.03,0.02,0.01,0.0329198837280273
10,max depth=22,31.9,40.0,3,3,0.03,0.03,0.0,0.032496690750122
11,max depth=24,31.9,40.0,3,3,0.03,0.03,0.0,0.0373618602752685
12,max depth=26,31.9,40.0,3,3,0.03,0.02,0.01,0.0329766273498535
13,max depth=28,31.9,40.0,3,3,0.03,0.02,0.01,0.0320227146148681
14,max depth=30,31.9,40.0,3,3,0.03,0.02,0.01,0.0319454669952392
15,max depth=32,31.9,40.0,3,3,0.04,0.02,0.01,0.0393567085266113
16,max depth=34,31.9,40.0,3,3,0.03,0.02,0.01,0.0331566333770751
17,max depth=36,31.9,40.0,3,3,0.03,0.02,0.01,0.0322546958923339
18,max depth=38,31.9,40.0,3,3,0.03,0.03,0.0,0.0358295440673828
19,max depth=40,31.9,40.0,3,3,0.03,0.03,0.0,0.0343549251556396
20,max depth=42,31.9,40.0,3,3,0.03,0.02,0.01,0.0340352058410644
21,max depth=44,31.9,40.0,3,3,0.03,0.02,0.01,0.0335769653320312
22,max depth=46,31.9,40.0,3,3,0.03,0.02,0.01,0.0349037647247314
23,max depth=48,31.9,40.0,3,3,0.03,0.03,0.0,0.037630558013916
24,max depth=50,31.9,40.0,3,3,0.03,0.02,0.01,0.0338993072509765
25,max depth=52,31.9,40.0,3,3,0.03,0.02,0.01,0.0323002338409423
26,max depth=54,31.9,40.0,3,3,0.03,0.03,0.0,0.0340332984924316
27,max depth=56,31.9,40.0,3,3,0.03,0.03,0.0,0.0331895351409912
28,max depth=58,31.9,40.0,3,3,0.03,0.02,0.01,0.0324692726135253
29,max depth=60,31.9,40.0,3,3,0.03,0.02,0.01,0.0338280200958251
30,max depth=62,31.9,40.0,3,3,0.03,0.03,0.0,0.0316448211669921
31,max depth=64,31.9,40.0,3,3,0.03,0.03,0.0,0.0361559391021728
32,max depth=66,31.9,40.0,3,3,0.03,0.02,0.01,0.0333621501922607
33,max depth=68,31.9,40.0,3,3,0.03,0.02,0.01,0.0331244468688964
34,max depth=70,31.9,40.0,3,3,0.03,0.02,0.01,0.0342047214508056
35,max depth=72,31.9,40.0,3,3,0.03,0.03,0.01,0.0339221954345703
36,max depth=74,31.9,40.0,3,3,0.03,0.03,0.0,0.0333278179168701
37,max depth=76,31.9,40.0,3,3,0.03,0.02,0.01,0.0329608917236328
38,max depth=78,31.9,40.0,3,3,0.03,0.03,0.0,0.031693696975708
39,max depth=80,31.9,40.0,3,3,0.04,0.03,0.01,0.0386476516723632
40,max depth=82,31.9,40.0,3,3,0.03,0.03,0.0,0.0346839427947998
41,max depth=84,31.9,40.0,3,3,0.03,0.03,0.0,0.0340197086334228
42,max depth=86,31.9,40.0,3,3,0.04,0.02,0.02,0.0376932621002197
43,max depth=88,31.9,40.0,3,3,0.03,0.03,0.0,0.0332953929901123
44,max depth=90,31.9,40.0,3,3,0.03,0.03,0.0,0.0345311164855957
45,max depth=92,31.9,40.0,3,3,0.03,0.03,0.0,0.0329875946044921
46,max depth=94,31.9,40.0,3,3,0.03,0.02,0.01,0.0328402519226074
47,max depth=96,31.9,40.0,3,3,0.03,0.02,0.01,0.0349998474121093
48,max depth=98,31.9,40.0,3,3,0.03,0.02,0.01,0.0338892936706543
