,Unnamed: 0,ICov(%),BCov(%),CompletedPaths,GeneratedTests,RealTime,UserTime,SysTime,PythonTime
0,max depth=2,20.86,14.29,3,3,0.03,0.03,0.0,0.0349793434143066
1,max depth=4,39.88,35.71,5,5,0.07,0.04,0.01,0.069408893585205
2,max depth=6,53.99,57.14,9,9,0.11,0.11,0.01,0.1181404590606689
3,max depth=8,53.99,57.14,19,19,0.3,0.3,0.0,0.3032295703887939
4,max depth=10,53.99,57.14,41,41,0.79,0.77,0.02,0.7980861663818359
5,max depth=12,53.99,57.14,97,97,2.07,2.05,0.01,2.0764176845550537
6,max depth=14,53.99,57.14,235,235,5.76,5.74,0.02,5.767385721206665
7,max depth=16,53.99,57.14,587,587,15.84,15.79,0.05,15.84573221206665
8,max depth=18,53.99,57.14,1481,1481,44.36,44.27,0.09,44.36890411376953
