,Unnamed: 0,ICov(%),BCov(%),CompletedPaths,GeneratedTests,RealTime,UserTime,SysTime,PythonTime
0,max depth=2,23.35,14.29,3,3,0.03,0.03,0.01,0.0351791381835937
1,max depth=4,54.49,57.14,6,6,0.05,0.04,0.01,0.0500843524932861
2,max depth=6,54.49,57.14,12,12,0.11,0.1,0.0,0.1114420890808105
3,max depth=8,54.49,57.14,26,26,0.23,0.21,0.01,0.2304604053497314
4,max depth=10,54.49,57.14,62,62,0.59,0.58,0.01,0.5889410972595215
5,max depth=12,54.49,57.14,148,148,1.59,1.57,0.02,1.5896248817443848
6,max depth=14,54.49,57.14,370,370,4.37,4.34,0.04,4.3787150382995605
7,max depth=16,54.49,57.14,930,930,11.91,11.85,0.06,11.915349245071411
8,max depth=18,54.49,57.14,2366,2366,33.49,33.3,0.17,33.49007034301758
