,Unnamed: 0,ICov(%),BCov(%),CompletedPaths,GeneratedTests,RealTime,UserTime,SysTime,PythonTime
0,max depth=2,20.94,12.5,3,3,0.03,0.03,0.0,0.0373213291168212
1,max depth=4,52.36,43.75,6,6,0.05,0.04,0.01,0.0589025020599365
2,max depth=6,59.69,56.25,12,12,0.1,0.1,0.0,0.0998802185058593
3,max depth=8,74.35,75.0,26,26,0.3,0.3,0.01,0.3066582679748535
4,max depth=10,74.35,75.0,62,62,1.46,1.44,0.01,1.4592678546905518
5,max depth=12,74.35,75.0,148,148,5.69,5.67,0.02,5.693933725357056
6,max depth=14,74.35,75.0,370,370,25.49,25.42,0.06,25.48908495903015
7,max depth=16,74.35,75.0,920,920,99.92,99.83,0.08,99.91891598701476
8,max depth=18,74.35,75.0,2336,2336,396.17,395.9,0.22,396.1718873977661
